0161
0192
0227
0230
0239
0240
0298
0318
0338
0347
0355
0384
0406
0421
0462
0465
0506
0518
0535
0547
0548
0556
0614
0625
0638
0677
0749
0763
0772
0773
0795
0847
0872
0880
0903
0910
0941
0954
0990
1019
1027
1078
1091
1097
1134
1163
1189
1207
1224
1256
1313
1341
1387
1414
1439
1446
1453
1499
1509
1553
1621
1627
1639
1685
1702
1704
1706
1711
1719
1727
1740
1816
1843
1881
1890
1896
1899
1950
1990
2058
2106
2171
2187
2201
2266
2343
2345
2366
2425
2431
2446
2480
2483
2592
2684
2716
2718
2757
2796
2799
2825
2886
2944
2948
2952
2998
2999
